KPAE -122.282 47.907 607.5
KECP -85.7956 30.3582 68
KILG -75.6057 39.67442 72
KATL -84.4269 33.64044 1025.92
KLAX -118.408 33.94254 125.98
KORD -87.9048 41.9786 667.98
KDFW -97.038 32.89683 606.96
KJFK -73.7789 40.63975 13.12
KDEN -104.673 39.86166 5431.1
KSFO -122.375 37.61897 13.12
KCLT -80.9431 35.21401 748.03
KLAS -115.152 36.08036 2181.1
KPHX -112.012 33.43428 1134.84
KMIA -80.2906 25.79325 7.87
KIAH -95.3414 29.98443 97.11
KSEA -122.309 47.449 433.07
KMCO -81.30928.42939 96.13
KEWR -74.1687 40.6925 18.04
KMSP -93.216944.88332 840.88
KBOS -71.0052 42.36435 19.03
KDTW -83.3534 42.21243 646
KPHL -75.2411 39.87194 36.09
KLGA -73.8726 40.77724 21.98
KFLL -80.1528 26.07258 8.86
KBWI -76.6683 39.17536 146
KDCA -77.0377 38.85208 15.09
KMDW -87.7524 41.78598 620.08
KSLC -111.978 40.78839 4227.03
KIAD -77.4558 38.94453 312.01
KSAN -117.19 32.73356 15.09
KTPA -82.5333 27.97547 25.92
KPDX -122.597 45.58872 29.86
KDAL -96.8518 32.84711 486.88
KSTL -90.36 38.74769 604
KHOU -95.2789 29.64542 45.93
KAUS -97.6699 30.19453 541.99
KBNA -86.6782 36.12448 599.08
KOAK -122.221 37.72129 5.91
KMSY -90.258 29.99339 3.94
KMCI -94.7139 39.29761 1025.92
KRDU -78.7875 35.87764 435.04
KSNA -117.868 33.67567 56.1
KSJC -121.929 37.36263 62.01
KSMF -121.591 38.69542 27.89
KRSW -81.7552 26.53617 29.86
KSAT -98.4698 29.53369 809.06
KCLE -81.8494 41.41089 791.01
KPIT -80.2329 40.49147 1204.07
KIND -86.2944 39.71733 796.92
KCMH -82.8919 39.99797 814.96
KMKE -87.8966 42.94722 723.1
KPBI -80.0956 26.68316 19.03
KCVG -84.6622 39.04614 896
KBDL -72.6832 41.93889 172.9
KJAX -81.6879 30.49406 29.8
KBUF -78.7322 42.94053 724.08
KABQ -106.609 35.04022 5354.99
KONT -117.601 34.056 943.9
KOMA -95.8938 41.30265 983.92
KBUR -118.358 34.20062 777.89
KOKC -97.6007 35.39309 1294.95
KMEM -89.9767 35.04242 340.88
KPVD -71.4282 41.724 55.12
KRIC -77.3197 37.50517 166.99
KSDF -85.736 38.17439 500.98
KRNO -119.768 39.49911 4415.03
KTUS -110.941 32.11608 2643.04
KCHS -80.0405 32.89865 44.95
KORF -76.2012 36.89461 25.92
KGEG -117.534 47.61986 2372.05
KELP -106.378 31.80667 3958.01
KBOI -116.223 43.56436 2871.06
KTUL -95.8881 36.19839 676.84
KLGB -118.152 33.81772 60.04
KBHM -86.7535 33.56294 644.03
KALB -73.8017 42.74827 285.1
KGRR -85.5228 42.88083 793.96
KROC -77.6724 43.11887 559.06
KDSM -93.6626 41.53414 957.02
KDAY -84.2194 39.90237 1008.86
KMHT -71.4357 42.93256 266.08
KLIT -92.2243 34.72944 262.14
KSFB -81.2375 28.77764 55.12
KSYR -76.1063 43.11119 420.93
KPSP -116.507 33.82967 477.03
KGSP -82.2189 34.89567 963.91
KSAV -81.2021 32.12758 49.87
KMYR -78.9283 33.67975 24.93
KGSO -79.9373 36.09775 925.85
KTYS -83.994 35.81097 980.97
KPWM -70.3093 43.64616 77.1
KMSN -89.3375 43.13986 887.14
KILM -77.9025 34.27067 32.15
KPIE -82.6874 27.91064 9.84
KCAK -81.4425 40.91631 1228.02
KPNS -87.1874 30.47331 121.06
KICT -97.4331 37.64994 1333.01
KHPN -73.7076 41.06696 438.98
KFAT -119.718 36.77619 335.96
KIWA -111.655 33.30783 1381.89
KISP -73.1002 40.79524 99.08
KCOS -104.7 38.80581 6184.06
KMDT -76.7634 40.19349 310.04
KBTV -73.1533 44.47186 334.97
KDAB -81.0581 29.17992 34.12
KLEX -84.6054 38.03697 979
KJAN -90.0759 32.31118 346.13
KSRQ -82.5544 27.39545 30.84
KXNA -94.3068 36.28187 1287.07
KACY -74.5772 39.45758 75.13
KCAE -81.1195 33.93884 235.89
KCID -91.7108 41.88469 869.09
KPHF -76.493 37.13189 42.98
KHSV -86.7751 34.63719 628.94
KLBB -101.823 33.66364 3282.15
KPIA -89.6933 40.6642 660.1
KMAF -102.202 31.94253 2871.06
KBZN -111.153 45.77746 4471.13
KEUG -123.219 44.12325 369.09
KGNV -82.2718 29.69006 151.9
KFAR -96.8158 46.92065 901.9
KEYW -81.7596 24.55611 2.95
KBTR -91.1496 30.53317 69.88
KBLI -122.538 48.79275 169.95
KFNT -83.7435 42.9655 782.15
KAMA -101.706 35.21937 3606.96
KBIL -108.543 45.80767 3651.9
KMLI -90.5075 41.44853 589.9
KHRL -97.6544 26.2285 36.09
KGPT -89.0701 30.40728 27.89
KSGF -93.3886 37.24567 1267.06
KSBA -119.84 34.42621 9.84
KFSD -96.7419 43.58201 1429.13
KTLH -84.3503 30.39653 81.04
KMFE -98.2386 26.17583 106.96
KAVL -82.5418 35.43619 2165.03
KCRP -97.5012 27.77036 43.96
KSBN -86.3173 41.70866 798.88
KROA -79.9754 37.32547 1174.87
KPSC -119.119 46.26469 407.15
KMFR -122.873 42.37423 1334.97
KGRB -88.1296 44.48507 694.88
KABE -75.4404 40.65236 394.03
KMSO -114.091 46.91631 3205.05
KFWA -85.1951 40.97847 814.96
KCHA -85.2038 35.03527 682.09
KRAP -103.057 44.04532 3204.07
KSHV -93.8256 32.44663 257.87
KMOB -88.2428 30.69142 219.16
KJAC -110.738 43.60733 6451.12
KCRW -81.5932 38.37315 980.97
KBGR -68.8281 44.80744 191.9
KAGS -81.9645 33.36994 145
KATW -88.5191 44.2581 917.98
KFAY -78.8803 34.99122 188.98
KGRK -97.8289 31.06724 1019.03
KBIS -100.746 46.77273 1661.09
KRDM -121.15 44.25407 3077.1
KLFT -91.9877 30.20528 41.99
KMOT -101.28 48.25938 1715.88
KLAN -84.5874 42.7787 860.89
KAVP -75.7234 41.33848 961.94
KBMI -88.916 40.47799 871.06
KMLB -80.6458 28.10275 33.14
KGJT -108.527 39.12241 4857.94
KASE -106.869 39.22317 7819.88
KMRY -121.843 36.587 256.89
KTRI -82.4074 36.47521 1519.03
KGPI -114.255 48.31142 2977.03
KCHO -78.4529 38.13864 639.11
KDRO -107.754 37.15152 6685.04
KTVC -85.5822 44.74144 624
KAEX -92.5486 31.32737 88.91
KGTF -111.371 47.482 3676.84
KMGM -86.394 32.30064 221.13
KPGD -81.9905 26.92019 24.93
KACK -70.0602 41.25305 47.9
KEGE -106.918 39.64257 6535.1
KOAJ -77.6121 34.82916 94.16
KSWF -74.1048 41.50409 491.14
KEVV -87.5309 38.03842 417.98
KDLH -92.1936 46.84209 1428.15
KPBG -73.4681 44.65094 233.92
KGFK -97.1761 47.94926 845.14
KTTN -74.8135 40.27669 212.93
KIDA -112.071 43.51372 4740.16
KBFL -119.057 35.4336 506.89
KLNK -96.7592 40.85097 1219.16
KSBP -120.642 35.23683 211.94
KIFP -114.56 35.15739 694.88
KUNV -77.8487 40.84928 1238.85
KELM -76.8916 42.15989 955.05
KAZO -85.5521 42.23488 874.02
KLBE -79.4048 40.27594 1185.04
KGCN -112.147 35.95236 6608.92
KCWA -89.6668 44.77762 1276.9
KEWN -77.0429 35.07297 18.04
KMBS -84.0796 43.53291 667.98
KMLU -92.0377 32.51087 79.07
KSTS -122.813 38.50898 125
KLRD -99.4615 27.54374 507.87
KRST -92.499 43.90722 1316.93
KERI -80.1762 42.08202 731.96
KRFD -89.0972 42.19536 742.13
KHTS -82.558 38.36667 828.08
KITH -76.4584 42.49103 1099.08
KIAG -78.9462 43.10734 589.9
KLSE -91.2568 43.87899 653.87
KISN -103.642 48.17794 1981.96
KBGM -75.9798 42.20869 1636.15
KLYH -79.2004 37.32669 937.99
KHDN -107.218 40.48117 6602.03
KCPR -106.464 42.90797 5347.11
KTOL -83.8078 41.58681 684.06
KHYA -70.2804 41.66934 54.13
KCMI -88.2781 40.03925 753.94
KMTJ -107.894 38.5098 5758.86
KBRO -97.4259 25.90683 21.98
KFSM -94.3674 35.33658 469.16
KNYL -114.606 32.65658 215.88
KHXD -80.6975 32.22436 19.03
KTYR -95.4024 32.35414 543.96
KABI -99.6819 32.41132 1791.01
KCLL -96.3638 30.58858 320.87
KSCK -121.238 37.89416 34.12
KSPI -89.6779 39.8441 597.11
KSAF -106.089 35.61711 6348.1
KMHK -96.6708 39.14097 1057.09
KLCH -93.2234 30.1261 15.09
KSBY -75.5103 38.34052 51.84
KLWS -117.015 46.3745 1437.99
KACT -97.2305 31.61129 516.08
KPGV -77.3853 35.63524 26.9
1G4 -113.816 35.99038 4825.13
KCSG -84.9389 32.51633 396.98
KFLG -111.671 35.13846 7011.15
KORH -71.8757 42.26734 1008.86
KGRI -98.3096 40.96754 1847.11
KACV -124.109 40.97812 217.85
KSJT -100.496 31.35776 1918.96
KLAW -98.4166 34.56771 1109.91
KYKM -120.544 46.56817 1095.14
KFLO -79.7239 34.18536 147.97
KCRQ -117.28 33.12825 331.04
KSUN -114.296 43.50444 5319.88
KMVY -70.6143 41.39303 66.93
KSMX -120.457 34.89892 261.15
KENV -114.031 40.71869 4236.88
KYNG -80.6791 41.26074 1195.87
KEAT -120.207 47.39886 1249.02
KDHN -85.4496 31.32134 400.92
KCOU -92.2196 38.81797 889.11
KSPS -98.4919 33.9888 1019.03
KSAW -87.3954 46.35363 1221.13
KGTR -88.5914 33.45034 264.11
KPAH -88.7737 37.06083 410.1
KSGU -113.593 37.09058 2940.94
KHVN -72.8868 41.26376 13.12
KVLD -83.2767 30.7825 203.08
KPUW -117.11 46.74386 2555.12
KDIK -102.802 46.79739 2591.86
KLUK -84.4186 39.10334 482.94
KBFI -122.302 47.52999 18.04
KDBQ -90.7095 42.40199 1077.1
KTXK -93.991 33.45371 390.09
KGCC -105.539 44.34892 4365.16
KROW -104.531 33.30156 3670.93
KBQK -81.4665 31.25881 25.92
KABY -84.1945 31.53551 196.85
KMMH -118.838 37.62405 7127.95
KGUC -106.933 38.53394 7680.12
KPVU -111.723 40.21919 4497.05
KBTM -112.497 45.95479 5549.87
KALW -118.288 46.09489 1190.94
KTWF -114.488 42.4818 4150.92
KCOD -109.024 44.52019 5102.03
KPLN -84.7967 45.57093 720.14
KRKS -109.065 41.59422 6759.84
KSUX -96.3844 42.40261 1098.1
KCMX -88.4891 47.16842 1095.14
KRDD -122.293 40.50898 501.97
KGCK -100.724 37.92752 2890.09
KPSM -70.8233 43.07794 100.07
KPIH -112.596 42.90979 4452.1
KIPT -76.9211 41.24184 528.87
KJLN -94.4983 37.15181 980.97
KBJI -94.9337 47.50943 1390.09
KGGG -94.7115 32.38401 365.16
KCIU -84.4724 46.25075 799.87
KOWB -87.1668 37.74011 405.84
KALO -92.4003 42.55708 873.03
KRHI -89.4675 45.63119 1623.03
KEAU -91.4843 44.86581 913.06
KABR -98.4218 45.44906 1301.84
KEKO -115.792 40.82492 5140.09
KART -76.0217 43.99192 325.13
KPGA -111.448 36.92611 4312.99
KSGJ -81.3398 29.95925 9.84
KMKG -86.2382 43.16949 627.95
KLCK -82.9278 39.81379 744.09
KSHR -106.98 44.76919 4021
KBPT -94.0207 29.95083 15.09
KHOB -103.217 32.68753 3661.09
KRIW -108.46 43.06424 5524.93
KOTH -124.246 43.41714 17.06
KCIC -121.858 39.79538 237.86
KAPN -83.5603 45.07807 688.98
KSTC -94.0599 45.54656 1029.86
KINL -93.4031 48.56619 1185.04
KRKD -69.0993 44.06008 55.12
KBRD -94.1381 46.39831 1226.05
KESC -87.0937 45.72267 608.92
KCYS -104.812 41.15572 6155.84
KPIR -100.286 44.38268 1742.13
KFMN -108.23 36.74125 5505.91
KBLV -89.8352 38.54518 458.99
KLMT -121.733 42.15614 4095.14
KDRT -100.926 29.37283 999.02
KEAR -99.0068 40.72703 2130.91
KBID -71.5778 41.16811 107.94
KHGR -77.7295 39.70794 703.08
KFHR -123.024 48.52197 112.86
KWST -71.8034 41.34962 81.04
KCEC -124.237 41.78017 57.09
KHIB -92.839 47.3866 1353.02
KPQI -68.0448 46.68897 534.12
KMOD -120.954 37.62582 97.11
KIMT -88.1145 45.81836 1182.09
KMWA -89.0116 37.75314 472.11
KLEB -72.3042 43.62611 604
KLWB -80.3995 37.85831 2301.84
KUIN -91.1946 39.94273 769.03
KPIB -89.3371 31.46714 297.9
KBHB -68.3615 44.44969 83.01
KCLM -123.5 48.12019 291.01
KPVC -70.2214 42.072 8.86
KSHD -78.8964 38.26384 1201.12
KMGW -79.9163 39.64291 1248.03
KBFF -103.596 41.87403 3966.86
KCKB -80.2281 39.29664 1216.86
KVPS -86.5533 30.4636 27
KOGS -75.4633 44.68225 301.7
KSWO -97.0859 36.16139 1000.1
KOGD -112.013 41.19567 4472.5
KLAR -105.675 41.31206 7283.5
KMCE -120.514 37.28475 155.2
KWYS -111.118 44.68839 6649
KDEC -88.8657 39.83456 681.9
KHYS -99.2732 38.84222 1999.1
KDVL -98.91 48.11658 1469.5
KTBN -92.1407 37.74163 1158.5
KSDY -104.193 47.70686 1985.3
KJMS -98.6782 46.92972 1499.9
KCNY -109.755 38.75496 4557.3
KORS -122.911 48.70833 34.7
KMCW -93.3313 43.15781 1213.5
KTUP -88.7699 34.269 346.5
KFOD -94.1918 42.55119 1156.3
KBRL -91.1255 40.78322 697.8
KEWB -70.9578 41.67657 79.2
KFOE -95.6636 38.95094 1077.9
KCGI -89.5708 37.22531 341.6
KSVC -108.156 32.63655 5445.6
KMSS -74.8451 44.93625 221.4
KMSL -87.6102 34.74531 550.5
KLBL -100.96 37.04392 2885.6
KRUT -72.9496 43.52973 787.2
KAUG -69.7973 44.32065 351.7
KIWD -90.1314 46.52747 1230.3
KGLH -90.9856 33.48288 130.5
KCVN -103.078 34.42659 4215.8
KIRK -92.5449 40.09347 966.3
KSLK -74.2062 44.38531 1662.5
KJBR -90.6464 35.83172 262
KVRB -80.4179 27.65556 23.6
KCEZ -108.628 37.303 5917.5
KFNL -105.011 40.45183 5015.7
KCDR -103.095 42.83756 3297.8
KLNS -76.2944 40.12236 402.6
KJST -78.8347 40.31556 2284.2
KPKB -81.4393 39.34497 858.6
KSOW -110.006 34.26547 6415.4
KIPL -115.579 32.83422 -53.6
KLBF -100.684 41.12622 2777.1
KVEL -109.511 40.43608 5280
KSLN -97.6522 38.79061 1288
KALS -105.868 37.43513 7539.4
KMKL -88.9156 35.59989 433.6
KTVF -96.185 48.06567 1118.8
KPRC -112.419 34.65483 5045.1
KOLF -105.575 48.0945 1988.5
KGGW -106.615 48.21244 2295.9
KCNM -104.263 32.33744 3294.6
KDUJ -78.8987 41.17828 1816.6
KGDV -104.807 47.13872 2458.3
KBFD -78.64 41.80294 2143.1
KPDT -118.843 45.69477 1496.6
KELD -92.8133 33.22097 276.8

