TADW -76.8449 38.6953 105.5
TATL -84.2622 33.6466 327.7
TBNA -86.6619 35.98 249.0
TBOS -70.9334 42.1583 80.5
TBWI -76.6296 39.0899 90.6
TCLT -80.8850 35.3376 265.5
TCMH -82.7151 40.0057 350.0
TCVG -84.5799 38.8981 321.0
TDAL -96.9683 32.9258 189.7
TDAY -84.1232 40.0222 310.5
TDCA -76.9616 38.7590 105.1
TDEN -104.5264 39.7276 1737.5
TDFW -96.9180 33.0648 178.4
TDTW -83.5150 42.1113 235.4
TEWR -74.2702 40.5936 41.5
TFLL -80.3440 26.1433 36.5
THOU -95.2416 29.5164 35.5
TIAD -77.5296 39.0837 144.2
TIAH -95.5670 30.0649 77.1
TICH -97.4370 37.5071 411.6
TIDS -86.4360 39.6370 258.2
TJFK -73.8804 40.5889 34.1
TLAS -115.0073 36.1436 627.2
TLVE -82.0078 41.2898 283.8
TMCI -94.7419 39.4981 332.2
TMCO -81.3258 28.3437 51.4
TMDW -87.7296 41.6513 232.6
TMEM -89.9927 34.8958 147.3
TMIA -80.4912 25.7576 38.0
TMKE -88.0464 42.8196 284.4
TMSP -92.9328 44.8714 341.5
TMSY -90.4032 30.0216 30.1
TOKC -97.5099 35.2761 383.7
TORD -87.8583 41.7972 226.7
TPBI -80.2732 26.6879 40.6
TPHL -75.0702 39.9493 46.7
TPHX -112.1628 33.4204 331.9
TPIT -80.4861 40.5011 422.5
TRDU -78.6969 36.0019 157.0
TSDF -85.6106 38.0460 222.9
TSJU -66.1794 18.4739 47.8
TSLC -111.9298 40.9674 1308.9
TSTL -90.4891 38.8054 197.1
TTPA -82.5178 27.8596 28.2
TTUL -95.8263 36.0706 250.9
